1242049
1138187
1155015
1184242
1151689
1163314
1111648
1104868
1129428
1174013
1091684
1184582
1127249
1111330
1069713
1084040
1680034
1237131
1094665
1075210
1074160
1086358
1083342
1078541
1084238
1077958
1074491
1083982
1075170
1075225
1080119
1079187
1077979
1082938
1078427
1076387
1079996
1076069
1073925
1076922
1080080
1075897
1080108
1086335
1080914
1079056
1082954
1075532
1074448
1086739
1081202
1080858
1082768
1076917
1076549
1080532
1076971
1079071
1082458
1075075
1077080
1083895
1074597
1073692
1079876
1077767
1080204
1082816
1076509
1076646
1690805
1181876
1075473
1079108
1073291
1070817
1081659
1072332
1076133
1076512
1070262
1073373
1077992
1078444
1079316
1078873
1069384
1070077
1073329
1074552
1070473
1074009
1072965
1073905
1078093
1084319
1079568
1073863
1079379
1072935
1073804
1077272
1073862
1070436
1079343
1071439
1072190
1077773
1071998
1071443
1080456
1073699
1073250
1079085
1067466
1074203
1073872
1071033
1069764
1074929
1073444
1076600
1077918
1077688
1843688
1172104
1072689
1071074
1078937
1071340
1073215
1075146
1075405
1072639
1081201
1071649
1073783
1077271
1077319
1074173
1077338
1076231
1084791
1087068
1074356
1077621
1076602
1079471
1076967
1081897
1075841
1075153
1072315
1080553
1076441
1077861
1083065
1074347
1080304
1076082
1076782
1071575
1085313
1072978
1074283
1075719
1074114
1074526
1078965
1078390
1075666
1081709
1071525
1075317
1077106
1082463
1073136
1082703
1867913
1126324
1081826
1076193
1075103
1082179
1072963
1070618
1083045
1075210
1078485
1079147
1079218
1074720
1081966
1071771
1072723
1075808
1072598
1073380
1075605
1074031
1071596
1078643
1077702
1079082
1076193
1077098
1074871
1081772
1073360
1070224
1071547
1082935
1075566
1074834
1082562
1074850
1079183
1079298
1078437
1072821
1084448
1083169
1085302
1082265
1075003
1071449
1078181
1076829
1075015
1081772
1073358
1661795
1266160
1077514
1076103
1078287
1073403
1072954
1078183
1075311
1076121
1079147
1071218
1070121
1081184
1068877
1074148
1074359
1074439
1071458
1079998
1069874
1073148
1081036
1079402
1076378
1079024
1073760
1069989
1074873
1078842
1077319
1073634
1074633
1070403
1072242
1073850
1069507
1072260
1077659
1072441
1070245
1076414
1070088
1072740
1074462
1073609
1073598
1077451
1071802
1073431
1078234
1221493
1078639
1078291
1703047
1200739
1075717
1070573
1076654
1075010
1078222
1070465
1077446
1074322
1073710
1078953
1072190
1072503
1077982
1076404
1071350
1080598
1074469
1079748
1079330
1075240
1074958
1081608
1077809
1076249
1077836
1074885
1074987
1076049
1079212
1072660
1079666
1072392
1073159
1072908
1079779
1075751
1077104
1079193
1071186
1074672
1074646
1074707
1069566
1080582
1070301
1072864
1076564
1080621
1080997
1080381
1082393
1078257
1697710
1167854
1073637
1102892
1080058
1076543
1086238
1072213
1077901
1078130
1075282
1071360
1077172
1072485
1072224
1098225
1072654
1076316
1076427
1073983
1070418
1077217
1071641
1075321
1076545
1075005
1073092
1077392
1076105
1079288
1081548
1072979
1075042
1072137
1082586
1074312
1079512
1079055
1072178
1069878
1077918
1073660
1074698
1240636
1073300
1071544
1083175
1081628
1073839
1101513
1072363
1072539
1078328
1079183
1819239
1183091
1082867
1088608
1088941
1083335
1088388
1079131
1083345
1080503
1088037
1084149
1085782
1083177
1082455
1079913
1085943
1082919
1080570
1083928
1078438
1083176
1083123
1086717
1079890
1089063
1079382
1082089
1087995
1086353
1081832
1084324
1086595
1080052
1087785
1079988
1082310
1085140
1087835
1083850
1088921
1078576
1079318
1085107
1080930
1079322
1080281
1081434
1079368
1086063
1082317
1086202
1080275
1087912
1739688
1119130
1075242
1076719
1080354
1073532
1074430
1079713
1079224
1277739
1102778
1075147
1079155
1082102
1074807
1072456
1081356
1072186
1072612
1075268
1073746
1073985
1152430
1077902
1079731
1078408
1072153
1074733
1070081
1075675
1071067
1073419
1078162
1074624
1076928
1085225
1081746
1077386
1078995
1070134
1073998
1088442
1079862
1081801
1083148
1073783
1074409
1080879
1073910
1074443
1077698
1081679
1076084
1716938
1222242
1073048
1080274
1074589
1071424
1079540
1070349
1073711
1103642
1070912
1073049
1076201
1075642
1071955
1083372
1073925
1077892
1079153
1078299
1073723
1080312
1076360
1078669
1079121
1097645
1073376
1072095
1075427
1070224
1075141
1076660
1078889
1075764
1079219
1072257
1073079
1080466
1073675
1071639
1077977
1073226
1072692
1082763
1072524
1157374
1078922
1071017
1073872
1081082
1077950
1075064
1081782
1077639
1611328
1080216
1073422
1070669
1086539
1081114
1079397
1081109
1078078
1075494
1081741
1075535
1076841
1083675
1079850
1082765
1079371
1094425
1072036
1081075
1074443
1076134
1084059
1077880
1072052
1079867
1077759
1072508
1073095
1075369
1074819
1071120
1083922
1076841
1076654
1080354
1080262
1074525
1083969
1079350
1078551
1083260
1075818
1074333
1075410
1076007
1075289
1082316
1071539
1074504
1075277
1072663
1072555
1078858
1808154
1171438
1080116
1070609
1073112
1074833
1073299
1069455
1079280
1071428
1074777
1074061
1072602
1072774
1077357
1076224
1071025
1075228
1071748
1071334
1073646
1072239
1071142
1076399
1072562
1072424
1073624
1072425
1070842
1072948
1075789
1071321
1072046
1079633
1075190
1068602
1079121
1070088
1071846
1135295
1074875
1069305
1078237
1073754
1071527
1076063
1070048
1072098
1074536
1072346
1070707
1077047
1072428
1079048
1802509
1158965
1073767
1081004
1069286
1071019
1079598
1074127
1074476
1075303
1069119
1070075
1075015
1066276
1067193
1074196
1069781
1068390
1075428
1073032
1070943
1075949
1068843
1068550
1070583
1072650
1066858
1068051
1073161
1069170
1067460
1078332
1072657
1074359
1079722
1066736
1070107
1074258
1069989
1067529
1077277
1070456
1075963
1081544
1069532
1071469
1078339
1076572
1077157
1080123
1069117
1070828
1072184
1089532
1697067
1107935
1088301
1096984
1094185
1101192
1102840
1076987
1073539
1071193
1077967
1075131
1077083
1076465
1075191
1070376
1077070
1076201
1074065
1075041
1072563
1383693
1198992
1114314
1212881
1107928
1073563
1079884
1080633
1074497
1074121
1080798
1071060
1073456
1097875
1078861
1077297
1078144
1075308
1073040
1076191
1074630
1078089
1073878
1083781
1075253
1075855
1079831
1076328
1077653
1078259
1072857
1072360
1759089
1186860
1094283
1084275
1081401
1084452
1083679
1079158
1084150
1088305
1083020
1087349
1091365
1086782
1086427
1086501
1076289
1084900
1081633
1083426
1079927
1082006
1077458
1077337
1085351
1083683
1082238
1083662
1085556
1081442
1084765
1074507
1078454
1085417
1078628
1076643
1083161
1076437
1077959
1083843
1076974
1077370
1083211
1148499
1075177
1086382
1080454
1082162
1122289
1079073
1075529
1080603
1082359
1081623
1602411
1209019
1195670
1097643
1100528
1084776
1108794
1103610
1077354
1080209
1075325
1075786
1078664
1068565
1066920
1075273
1070707
1072207
1075474
1071086
1071226
1075274
1092080
1115043
1183364
1094652
1092086
1077188
1078624
1077660
1079807
1074481
1074653
1071793
1075670
1067148
1068612
1073051
1069652
1067571
1072993
1068561
1069852
1079849
1077374
1081896
1076684
1068278
1067811
1080072
1077262
1079746
1080860
1071023
1836636
1174626
1083251
1082577
1089456
1078663
1082884
1081627
1078755
1079599
1087022
1076192
1080102
1082929
1076757
1076217
1081195
1079321
1078059
1081827
1080767
1078910
1081039
1083060
1078902
1086100
1080096
1087762
1089749
1083684
1083966
1086794
1080662
1077242
1086032
1082571
1086221
1083972
1085072
1080950
1086418
1084824
1082400
1084626
1087715
1080157
1078957
1090750
1082814
1083802
1087717
1093546
1091786
1090618
1773593
1093486
1086703
1087215
1092531
1090872
1083968
1083967
1087349
1080645
1092627
1080580
1085612
1083515
1083155
1079095
1081365
1085755
1079585
1081118
1085607
1082306
1080906
1090956
1081946
1084497
1084811
1083558
1078962
1086924
1082217
1082019
1088088
1080297
1082513
1083442
1080816
1192008
1098155
1078774
1089405
1087844
1085877
1085908
1090206
1085271
1081948
1085250
1082891
1083571
1086342
1086791
1092393
1694655
1201505
1116396
1082127
1074004
1077102
1078039
1076125
1073009
1080215
1073403
1072260
1078439
1080622
1077097
1083778
